  Данные к заданиям 1-2, 6-7
     117.4      77.3
     116.3      78.0
     120.0      80.9
     125.4      84.2
     123.0      81.2
     123.2      83.8
     123.3      79.0
     119.2      79.2
     122.3      78.4
     118.7      77.2
     118.1      80.4
     118.9      79.3
     119.2      81.7
     120.7      85.5
     120.3      79.0
     120.5      82.0
     122.6      77.9
     119.2      81.8
     123.7      83.2
     119.4      80.2
     124.6      84.8
     119.5      79.4
     118.8      82.5
     120.0      79.8
     116.4      76.8
     120.1      74.9
     116.3      79.0
     121.7      82.9
     117.9      78.1
     121.2      83.2
     118.3      81.7
     122.2      80.0
     124.9      83.7
     117.1      80.3
     120.4      77.3
     121.3      77.1
     120.5      82.0
     120.5      79.8
     119.0      81.4
     121.0      82.1
     121.0      78.9
     120.3      77.6
     122.8      82.2
     117.1      78.3
     119.5      77.8
     122.8      82.5
     119.5      81.8
     124.3      83.4
     119.3      81.3
     126.2      83.8
     122.9      82.6
     116.1      74.0
     120.8      80.4
     116.7      73.6
     121.1      84.8
     122.3      82.9
     121.0      78.5
     123.0      82.7
     118.9      82.9
     122.6      82.5
     124.3      76.5
     119.8      73.8
     120.0      76.4
     119.7      80.1
     125.4      85.4
     118.2      76.7
     118.9      78.3
     120.4      81.1
     122.2      80.6
     118.9      76.8
     122.3      82.1
     124.1      83.7
     122.2      76.1
     118.4      75.3
     120.3      82.4
     119.1      83.9
     125.1      81.6
     123.9      85.1
     124.5      80.6
     121.1      80.4
     118.0      81.4
     120.1      76.1
     119.9      80.6
     120.7      76.7
     126.3      84.5
     117.4      76.8
     119.6      81.9
     118.6      77.0
     117.5      80.1
     119.2      79.1
     126.9      84.3
     121.3      77.3
     125.1      83.4
     120.9      82.4
     121.2      79.7
     116.7      78.5
     121.6      78.0
     119.4      79.8
     121.0      81.4
     121.1      82.1
   Äàííûå ê çàäàíèþ 3 
     160.0     147.9
     165.7     150.9
     174.3     155.9
     169.8     156.0
     173.1     173.3
     173.7     151.0
     184.7     179.4
     174.3     159.4
     172.4     165.1
     163.8     134.6
    Äàííûå ê çàäàíèþ 4
 x:     140   132   143   153   146   134   177   133   134   154
 y:     125   129   132   117   132   139   141   123
   Äàííûå ê çàäàíèþ 5
  4.813  4.762  4.793  4.771  4.761  4.761  4.775  4.791  4.771  4.797
  4.779  4.799  4.802  4.809  4.768  4.774  4.788  4.776  4.760  4.780
